,Date,Gender,Death Total,Case Total,Cases,Deaths
2,2021,Male,21,1111,521,17
3,2021,Female,21,1111,590,4
4,2021,Male,20,658,326,10
5,2021,Female,20,658,332,10
6,2021,Male,10,1869,881,6
7,2021,Female,10,1869,988,4
8,2021,Male,16,1601,788,13
9,2021,Female,16,1601,813,3
10,2021,Male,13,1447,692,7
11,2021,Female,13,1447,755,6
12,2021,Male,17,1372,695,11
13,2021,Female,17,1372,677,6
14,2021,Male,18,1204,591,8
15,2021,Female,18,1204,613,10
16,2021,Male,17,781,376,10
17,2021,Female,17,781,405,7
18,2021,Male,18,491,233,12
19,2021,Female,18,491,258,6
20,2021,Male,16,1354,660,10
21,2021,Female,16,1354,694,6
22,2021,Male,12,1088,522,8
23,2021,Female,12,1088,566,4
24,2021,Male,18,1107,557,10
25,2021,Female,18,1107,550,8
26,2021,Male,15,1053,506,12
27,2021,Female,15,1053,547,3
28,2021,Male,12,1022,490,7
29,2021,Female,12,1022,532,5
30,2021,Male,15,624,269,7
31,2021,Female,15,624,355,8
32,2021,Male,15,392,197,10
33,2021,Female,15,392,195,5
34,2021,Male,14,715,323,11
35,2021,Female,14,715,392,3
36,2021,Male,19,1083,534,14
37,2021,Female,19,1083,549,5
38,2021,Male,12,787,390,4
39,2021,Female,12,787,397,8
40,2021,Male,10,817,400,5
41,2021,Female,10,817,417,5
42,2021,Male,12,737,350,7
43,2021,Female,12,737,387,5
44,2021,Male,9,588,284,7
45,2021,Female,9,588,304,2
46,2021,Male,16,338,168,5
47,2021,Female,16,338,170,11
48,2021,Male,11,856,399,10
49,2021,Female,11,856,457,1
50,2021,Male,12,643,328,7
51,2021,Female,12,643,315,5
52,2021,Male,14,657,320,10
53,2021,Female,14,657,337,4
54,2021,Male,10,607,302,5
55,2021,Female,10,607,305,5
56,2021,Male,16,591,283,14
57,2021,Female,16,591,308,2
58,2021,Male,12,419,198,11
59,2021,Female,12,419,221,1
60,2021,Male,17,171,93,9
61,2021,Female,17,171,78,8
62,2021,Male,9,608,290,2
63,2021,Female,9,608,318,7
64,2021,Male,6,647,331,3
65,2021,Female,6,647,316,3
66,2021,Male,7,571,279,5
67,2021,Female,7,571,292,2
68,2021,Male,9,537,268,4
69,2021,Female,9,537,269,5
70,2021,Male,8,403,198,4
71,2021,Female,8,403,205,4
72,2021,Male,13,263,126,11
73,2021,Female,13,263,137,2
74,2021,Male,8,212,99,5
75,2021,Female,8,212,113,3
76,2021,Male,13,384,177,7
77,2021,Female,13,384,207,6
78,2021,Male,8,413,199,3
79,2021,Female,8,413,214,5
80,2021,Male,11,366,194,6
81,2021,Female,11,366,172,5
82,2021,Male,10,437,226,8
83,2021,Female,10,437,211,2
84,2021,Male,13,358,189,8
85,2021,Female,13,358,169,5
86,2021,Male,8,222,103,5
87,2021,Female,8,222,119,3
88,2021,Male,9,143,68,5
89,2021,Female,9,143,75,4
90,2021,Male,7,258,130,3
91,2021,Female,7,258,128,4
92,2021,Male,5,212,99,4
93,2021,Female,5,212,113,1
94,2021,Male,8,384,193,6
95,2021,Female,8,384,191,2
96,2021,Male,6,315,152,2
97,2021,Female,6,315,163,4
98,2021,Male,8,317,153,6
99,2021,Female,8,317,164,2
100,2021,Male,9,213,107,4
101,2021,Female,9,213,106,5
102,2021,Male,9,158,72,5
103,2021,Female,9,158,86,4
104,2021,Male,8,386,188,4
105,2021,Female,8,386,198,4
106,2021,Male,12,311,158,7
107,2021,Female,12,311,153,5
108,2021,Male,4,337,177,1
109,2021,Female,4,337,160,3
110,2021,Male,8,282,147,6
111,2021,Female,8,282,135,2
112,2021,Male,6,356,177,6
113,2021,Female,6,356,179,0
114,2021,Male,7,177,77,4
115,2021,Female,7,177,100,3
116,2021,Male,4,148,80,3
117,2021,Female,4,148,68,1
118,2020,Male,0,0,0,0
119,2020,Female,0,0,0,0
120,2022,Male,6,187,83,2
121,2022,Female,6,187,104,4
122,2021,Male,7,329,146,3
123,2021,Female,7,329,183,4
124,2020,Male,0,0,0,0
125,2020,Female,0,0,0,0
126,2022,Male,2,158,74,0
127,2022,Female,2,158,84,2
128,2021,Male,8,288,140,3
129,2021,Female,8,288,148,5
130,2020,Male,0,1,0,0
131,2020,Female,0,1,1,0
132,2022,Male,1,93,41,1
133,2022,Female,1,93,52,0
134,2021,Male,2,220,111,2
135,2021,Female,2,220,109,0
136,2020,Male,0,3,0,0
137,2020,Female,0,3,3,0
138,2022,Male,3,165,76,1
139,2022,Female,3,165,89,2
140,2021,Male,5,327,162,3
141,2021,Female,5,327,165,2
142,2020,Male,0,5,2,0
143,2020,Female,0,5,3,0
144,2022,Male,3,163,74,1
145,2022,Female,3,163,89,2
146,2021,Male,10,336,167,6
147,2021,Female,10,336,169,4
148,2020,Male,0,13,9,0
149,2020,Female,0,13,4,0
150,2022,Male,2,124,69,1
151,2022,Female,2,124,55,1
152,2021,Male,9,349,147,5
153,2021,Female,9,349,202,4
154,2020,Male,0,32,24,0
155,2020,Female,0,32,8,0
156,2022,Male,1,82,34,0
157,2022,Female,1,82,48,1
158,2021,Male,4,180,95,2
159,2021,Female,4,180,85,2
160,2020,Male,0,40,27,0
161,2020,Female,0,40,13,0
162,2022,Male,0,255,109,0
163,2022,Female,0,255,146,0
164,2021,Male,3,451,198,1
165,2021,Female,3,451,253,2
166,2020,Male,1,96,59,1
167,2020,Female,1,96,37,0
168,2022,Male,0,175,84,0
169,2022,Female,0,175,91,0
170,2021,Male,3,421,218,1
171,2021,Female,3,421,203,2
172,2020,Male,2,185,97,1
173,2020,Female,2,185,88,1
174,2022,Male,0,119,46,0
175,2022,Female,0,119,73,0
176,2021,Male,6,277,142,3
177,2021,Female,6,277,135,3
178,2020,Male,2,125,72,2
179,2020,Female,2,125,53,0
180,2022,Male,2,274,125,2
181,2022,Female,2,274,149,0
182,2021,Male,1,546,273,1
183,2021,Female,1,546,273,0
184,2020,Male,3,289,149,3
185,2020,Female,3,289,140,0
186,2022,Male,1,308,123,1
187,2022,Female,1,308,185,0
188,2021,Male,6,680,349,3
189,2021,Female,6,680,331,3
190,2020,Male,5,367,198,2
191,2020,Female,5,367,169,3
192,2022,Male,1,236,112,0
193,2022,Female,1,236,124,1
194,2021,Male,6,599,310,2
195,2021,Female,6,599,289,4
196,2020,Male,8,404,192,5
197,2020,Female,8,404,212,3
198,2022,Male,1,171,76,0
199,2022,Female,1,171,95,1
200,2021,Male,7,355,163,6
201,2021,Female,7,355,192,1
202,2020,Male,20,283,154,17
203,2020,Female,20,283,129,3
204,2022,Male,0,359,157,0
205,2022,Female,0,359,202,0
206,2021,Male,3,736,359,3
207,2021,Female,3,736,377,0
208,2020,Male,16,489,228,10
209,2020,Female,16,489,261,6
210,2022,Male,0,302,134,0
211,2022,Female,0,302,168,0
212,2021,Male,2,721,352,1
213,2021,Female,2,721,369,1
214,2020,Male,15,436,226,10
215,2020,Female,15,436,210,5
216,2022,Male,0,202,86,0
217,2022,Female,0,202,116,0
218,2021,Male,9,468,233,6
219,2021,Female,9,468,235,3
220,2020,Male,22,326,174,9
221,2020,Female,22,326,152,13
222,2022,Male,0,512,259,0
223,2022,Female,0,512,253,0
224,2021,Male,6,947,447,3
225,2021,Female,6,947,500,3
226,2020,Male,22,583,280,13
227,2020,Female,22,583,303,9
228,2022,Male,0,593,261,0
229,2022,Female,0,593,332,0
230,2021,Male,3,840,399,1
231,2021,Female,3,840,441,2
232,2020,Male,36,704,351,23
233,2020,Female,36,704,353,13
234,2022,Male,0,393,165,0
235,2022,Female,0,393,228,0
236,2021,Male,5,770,356,4
237,2021,Female,5,770,414,1
238,2020,Male,32,571,314,21
239,2020,Female,32,571,257,11
240,2022,Male,1,315,128,1
241,2022,Female,1,315,187,0
242,2021,Male,5,363,170,2
243,2021,Female,5,363,193,3
244,2020,Male,33,341,197,17
245,2020,Female,33,341,144,16
246,2022,Male,0,528,205,0
247,2022,Female,0,528,323,0
248,2021,Male,4,676,306,4
249,2021,Female,4,676,370,0
250,2020,Male,33,666,310,22
251,2020,Female,33,666,356,11
252,2022,Male,1,543,223,1
253,2022,Female,1,543,320,0
254,2021,Male,9,638,310,8
255,2021,Female,9,638,328,1
256,2020,Male,31,677,357,17
257,2020,Female,31,677,320,14
258,2022,Male,1,347,156,1
259,2022,Female,1,347,191,0
260,2021,Male,6,438,202,5
261,2021,Female,6,438,236,1
262,2020,Male,39,534,288,19
263,2020,Female,39,534,246,20
264,2022,Male,1,765,325,0
265,2022,Female,1,765,440,1
266,2021,Male,7,659,302,4
267,2021,Female,7,659,357,3
268,2020,Male,40,990,504,25
269,2020,Female,40,990,486,15
270,2022,Male,0,702,287,0
271,2022,Female,0,702,415,0
272,2021,Male,8,656,310,5
273,2021,Female,8,656,346,3
274,2020,Male,45,1053,506,25
275,2020,Female,45,1053,547,20
276,2022,Male,0,687,290,0
277,2022,Female,0,687,397,0
278,2021,Male,7,531,242,5
279,2021,Female,7,531,289,2
280,2020,Male,54,1074,558,35
281,2020,Female,54,1074,516,19
282,2022,Male,0,396,169,0
283,2022,Female,0,396,227,0
284,2021,Male,11,275,134,7
285,2021,Female,11,275,141,4
286,2020,Male,51,434,206,29
287,2020,Female,51,434,228,22
288,2022,Male,0,916,384,0
289,2022,Female,0,916,532,0
290,2021,Male,5,564,276,3
291,2021,Female,5,564,288,2
292,2020,Male,56,1321,687,33
293,2020,Female,56,1321,634,23
294,2022,Male,1,804,343,0
295,2022,Female,1,804,461,1
296,2021,Male,7,531,264,2
297,2021,Female,7,531,267,5
298,2020,Male,40,1272,644,23
299,2020,Female,40,1272,628,17
300,2022,Male,0,531,233,0
301,2022,Female,0,531,298,0
302,2021,Male,4,352,168,3
303,2021,Female,4,352,184,1
304,2020,Male,49,719,376,29
305,2020,Female,49,719,343,20
306,2022,Male,1,1258,542,1
307,2022,Female,1,1258,716,0
308,2021,Male,6,549,238,4
309,2021,Female,6,549,311,2
310,2020,Male,48,1120,556,25
311,2020,Female,48,1120,564,23
312,2022,Male,1,1224,508,0
313,2022,Female,1,1224,716,1
314,2021,Male,6,482,226,2
315,2021,Female,6,482,256,4
316,2020,Male,44,967,484,30
317,2020,Female,44,967,483,14
318,2022,Male,2,1062,482,1
319,2022,Female,2,1062,580,1
320,2021,Male,11,365,171,7
321,2021,Female,11,365,194,4
322,2020,Male,43,919,466,22
323,2020,Female,43,919,453,21
324,2022,Male,1,607,287,1
325,2022,Female,1,607,320,0
326,2021,Male,9,166,79,5
327,2021,Female,9,166,87,4
328,2020,Male,38,306,169,24
329,2020,Female,38,306,137,14
330,2022,Male,0,1698,724,0
331,2022,Female,0,1698,974,0
332,2021,Male,9,309,149,5
333,2021,Female,9,309,160,4
334,2020,Male,46,940,446,34
335,2020,Female,46,940,494,12
336,2022,Male,1,1475,638,1
337,2022,Female,1,1475,837,0
338,2021,Male,8,314,136,2
339,2021,Female,8,314,178,6
340,2020,Male,45,770,371,23
341,2020,Female,45,770,399,22
342,2022,Male,1,737,333,0
343,2022,Female,1,737,404,1
344,2021,Male,7,177,85,4
345,2021,Female,7,177,92,3
346,2020,Male,28,510,232,20
347,2020,Female,28,510,278,8
348,2022,Male,0,1477,633,0
349,2022,Female,0,1477,844,0
350,2021,Male,7,346,149,4
351,2021,Female,7,346,197,3
352,2020,Male,33,936,441,20
353,2020,Female,33,936,495,13
354,2022,Male,2,1342,576,0
355,2022,Female,2,1342,766,2
356,2021,Male,7,278,130,1
357,2021,Female,7,278,148,6
358,2020,Male,29,765,362,22
359,2020,Female,29,765,403,7
360,2022,Male,2,1104,497,1
361,2022,Female,2,1104,607,1
362,2021,Male,6,245,105,3
363,2021,Female,6,245,140,3
364,2020,Male,36,719,349,20
365,2020,Female,36,719,370,16
366,2022,Male,0,625,269,0
367,2022,Female,0,625,356,0
368,2021,Male,6,95,43,5
369,2021,Female,6,95,52,1
370,2020,Male,27,278,130,13
371,2020,Female,27,278,148,14
372,2022,Male,0,1314,556,0
373,2022,Female,0,1314,758,0
374,2021,Male,3,128,47,2
375,2021,Female,3,128,81,1
376,2020,Male,23,745,353,15
377,2020,Female,23,745,392,8
378,2022,Male,1,1223,543,1
379,2022,Female,1,1223,680,0
380,2021,Male,6,121,56,2
381,2021,Female,6,121,65,4
382,2020,Male,22,518,256,11
383,2020,Female,22,518,262,11
384,2022,Male,2,612,264,1
385,2022,Female,2,612,348,1
386,2021,Male,7,89,47,4
387,2021,Female,7,89,42,3
388,2020,Male,21,235,104,10
389,2020,Female,21,235,131,11
390,2022,Male,1,386,152,1
391,2022,Female,1,386,234,0
392,2021,Male,2,45,22,1
393,2021,Female,2,45,23,1
394,2020,Male,21,233,96,9
395,2020,Female,21,233,137,12
396,2022,Male,3,1346,578,3
397,2022,Female,3,1346,768,0
398,2021,Male,7,100,41,2
399,2021,Female,7,100,59,5
400,2020,Male,21,280,126,11
401,2020,Female,21,280,154,10
402,2022,Male,1,1098,474,1
403,2022,Female,1,1098,624,0
404,2021,Male,6,75,38,2
405,2021,Female,6,75,37,4
406,2020,Male,17,337,165,7
407,2020,Female,17,337,172,10
408,2022,Male,1,588,242,0
409,2022,Female,1,588,346,1
410,2021,Male,7,58,26,2
411,2021,Female,7,58,32,5
412,2020,Male,20,110,57,13
413,2020,Female,20,110,53,7
414,2022,Male,1,1099,464,0
415,2022,Female,1,1099,635,1
416,2021,Male,4,74,30,3
417,2021,Female,4,74,44,1
418,2020,Male,23,251,136,16
419,2020,Female,23,251,115,7
420,2022,Male,1,985,405,1
421,2022,Female,1,985,580,0
422,2021,Male,2,39,22,0
423,2021,Female,2,39,17,2
424,2020,Male,10,198,89,6
425,2020,Female,10,198,109,4
426,2022,Male,1,534,214,0
427,2022,Female,1,534,320,1
428,2021,Male,5,46,28,0
429,2021,Female,5,46,18,5
430,2020,Male,18,120,53,7
431,2020,Female,18,120,67,11
432,2022,Male,0,914,398,0
433,2022,Female,0,914,516,0
434,2021,Male,3,67,30,2
435,2021,Female,3,67,37,1
436,2020,Male,20,234,102,11
437,2020,Female,20,234,132,9
438,2022,Male,1,736,310,1
439,2022,Female,1,736,426,0
440,2021,Male,1,36,14,0
441,2021,Female,1,36,22,1
442,2020,Male,21,218,109,10
443,2020,Female,21,218,109,11
444,2022,Male,0,685,267,0
445,2022,Female,0,685,418,0
446,2021,Male,2,35,16,2
447,2021,Female,2,35,19,0
448,2020,Male,15,217,106,8
449,2020,Female,15,217,111,7
450,2022,Male,1,481,200,0
451,2022,Female,1,481,281,1
452,2021,Male,1,27,11,1
453,2021,Female,1,27,16,0
454,2020,Male,11,48,19,5
455,2020,Female,11,48,29,6
456,2022,Male,0,938,390,0
457,2022,Female,0,938,548,0
458,2021,Male,3,32,14,1
459,2021,Female,3,32,18,2
460,2020,Male,9,233,116,5
461,2020,Female,9,233,117,4
462,2022,Male,2,847,369,1
463,2022,Female,2,847,478,1
464,2021,Male,0,45,20,0
465,2021,Female,0,45,25,0
466,2020,Male,11,250,125,5
467,2020,Female,11,250,125,6
468,2022,Male,1,508,217,0
469,2022,Female,1,508,291,1
470,2021,Male,0,20,9,0
471,2021,Female,0,20,11,0
472,2020,Male,5,130,66,1
473,2020,Female,5,130,64,4
474,2022,Male,3,922,388,3
475,2022,Female,3,922,534,0
476,2021,Male,2,50,32,1
477,2021,Female,2,50,18,1
478,2020,Male,7,277,140,3
479,2020,Female,7,277,137,4
480,2022,Male,0,975,400,0
481,2022,Female,0,975,575,0
482,2021,Male,0,51,31,0
483,2021,Female,0,51,20,0
484,2020,Male,13,266,111,8
485,2020,Female,13,266,155,5
486,2022,Male,1,725,308,1
487,2022,Female,1,725,417,0
488,2021,Male,1,54,22,0
489,2021,Female,1,54,32,1
490,2020,Male,5,173,67,2
491,2020,Female,5,173,106,3
492,2022,Male,1,449,184,0
493,2022,Female,1,449,265,1
494,2021,Male,1,18,8,0
495,2021,Female,1,18,10,1
496,2020,Male,3,89,35,3
497,2020,Female,3,89,54,0
498,2022,Male,0,1116,497,0
499,2022,Female,0,1116,619,0
500,2021,Male,2,75,30,0
501,2021,Female,2,75,45,2
502,2020,Male,4,340,156,1
503,2020,Female,4,340,184,3
504,2022,Male,1,985,424,0
505,2022,Female,1,985,561,1
506,2021,Male,0,76,33,0
507,2021,Female,0,76,43,0
508,2020,Male,8,288,152,4
509,2020,Female,8,288,136,4
510,2022,Male,2,576,257,2
511,2022,Female,2,576,319,0
512,2021,Male,0,49,25,0
513,2021,Female,0,49,24,0
514,2020,Male,2,154,75,2
515,2020,Female,2,154,79,0
516,2022,Male,1,1019,471,1
517,2022,Female,1,1019,548,0
518,2021,Male,0,103,52,0
519,2021,Female,0,103,51,0
520,2020,Male,4,337,142,2
521,2020,Female,4,337,195,2
522,2022,Male,0,970,424,0
523,2022,Female,0,970,546,0
524,2021,Male,2,138,65,0
525,2021,Female,2,138,73,2
526,2020,Male,7,268,118,4
527,2020,Female,7,268,150,3
528,2022,Male,3,850,364,1
529,2022,Female,3,850,486,2
530,2021,Male,1,154,75,1
531,2021,Female,1,154,79,0
532,2020,Male,3,323,155,2
533,2020,Female,3,323,168,1
534,2022,Male,0,526,230,0
535,2022,Female,0,526,296,0
536,2021,Male,0,92,41,0
537,2021,Female,0,92,51,0
538,2020,Male,2,99,46,1
539,2020,Female,2,99,53,1
540,2022,Male,4,999,417,3
541,2022,Female,4,999,582,1
542,2021,Male,3,188,90,2
543,2021,Female,3,188,98,1
544,2020,Male,1,288,145,0
545,2020,Female,1,288,143,1
546,2022,Male,0,971,420,0
547,2022,Female,0,971,551,0
548,2021,Male,1,223,103,0
549,2021,Female,1,223,120,1
550,2020,Male,3,317,128,1
551,2020,Female,3,317,189,2
552,2022,Male,5,621,252,3
553,2022,Female,5,621,369,2
554,2021,Male,0,197,103,0
555,2021,Female,0,197,94,0
556,2020,Male,8,155,77,4
557,2020,Female,8,155,78,4
558,2022,Male,3,1042,445,3
559,2022,Female,3,1042,597,0
560,2021,Male,2,326,148,0
561,2021,Female,2,326,178,2
562,2020,Male,1,359,166,0
563,2020,Female,1,359,193,1
564,2022,Male,3,934,380,1
565,2022,Female,3,934,554,2
566,2021,Male,3,348,173,2
567,2021,Female,3,348,175,1
568,2020,Male,3,442,209,1
569,2020,Female,3,442,233,2
570,2022,Male,0,819,346,0
571,2022,Female,0,819,473,0
572,2021,Male,2,354,190,1
573,2021,Female,2,354,164,1
574,2020,Male,2,389,181,1
575,2020,Female,2,389,208,1
576,2022,Male,1,447,187,1
577,2022,Female,1,447,260,0
578,2021,Male,3,214,106,2
579,2021,Female,3,214,108,1
580,2020,Male,3,94,49,3
581,2020,Female,3,94,45,0
582,2022,Male,1,960,419,1
583,2022,Female,1,960,541,0
584,2021,Male,1,441,213,1
585,2021,Female,1,441,228,0
586,2020,Male,2,365,164,1
587,2020,Female,2,365,201,1
588,2022,Male,1,814,346,0
589,2022,Female,1,814,468,1
590,2021,Male,2,477,244,2
591,2021,Female,2,477,233,0
592,2020,Male,4,350,170,1
593,2020,Female,4,350,180,3
594,2022,Male,1,540,248,1
595,2022,Female,1,540,292,0
596,2021,Male,2,318,155,1
597,2021,Female,2,318,163,1
598,2020,Male,3,177,83,3
599,2020,Female,3,177,94,0
600,2022,Male,2,912,408,2
601,2022,Female,2,912,504,0
602,2021,Male,4,503,263,0
603,2021,Female,4,503,240,4
604,2020,Male,1,375,189,1
605,2020,Female,1,375,186,0
606,2022,Male,1,801,354,1
607,2022,Female,1,801,447,0
608,2021,Male,2,600,292,0
609,2021,Female,2,600,308,2
610,2020,Male,2,430,205,1
611,2020,Female,2,430,225,1
612,2022,Male,0,649,292,0
613,2022,Female,0,649,357,0
614,2021,Male,3,626,353,1
615,2021,Female,3,626,273,2
616,2020,Male,3,345,165,2
617,2020,Female,3,345,180,1
618,2022,Male,2,390,184,1
619,2022,Female,2,390,206,1
620,2021,Male,5,285,147,3
621,2021,Female,5,285,138,2
622,2020,Male,3,119,63,1
623,2020,Female,3,119,56,2
624,2022,Male,2,744,336,1
625,2022,Female,2,744,408,1
626,2021,Male,3,555,283,3
627,2021,Female,3,555,272,0
628,2020,Male,1,410,199,1
629,2020,Female,1,410,211,0
630,2022,Male,1,590,247,1
631,2022,Female,1,590,343,0
632,2021,Male,5,545,256,1
633,2021,Female,5,545,289,4
634,2020,Male,3,421,186,1
635,2020,Female,3,421,235,2
636,2022,Male,1,372,169,0
637,2022,Female,1,372,203,1
638,2021,Male,1,373,180,1
639,2021,Female,1,373,193,0
640,2020,Male,2,190,93,1
641,2020,Female,2,190,97,1
642,2022,Male,2,762,334,1
643,2022,Female,2,762,428,1
644,2021,Male,2,644,307,1
645,2021,Female,2,644,337,1
646,2020,Male,3,551,258,3
647,2020,Female,3,551,293,0
648,2022,Male,2,705,280,2
649,2022,Female,2,705,425,0
650,2021,Male,6,605,286,5
651,2021,Female,6,605,319,1
652,2020,Male,3,387,191,3
653,2020,Female,3,387,196,0
654,2022,Male,2,550,219,2
655,2022,Female,2,550,331,0
656,2021,Male,3,540,252,2
657,2021,Female,3,540,288,1
658,2020,Male,4,383,198,0
659,2020,Female,4,383,185,4
660,2022,Male,2,346,133,1
661,2022,Female,2,346,213,1
662,2021,Male,2,309,159,0
663,2021,Female,2,309,150,2
664,2020,Male,5,99,51,1
665,2020,Female,5,99,48,4
666,2022,Male,0,768,297,0
667,2022,Female,0,768,471,0
668,2021,Male,7,528,246,4
669,2021,Female,7,528,282,3
670,2020,Male,3,330,153,1
671,2020,Female,3,330,177,2
672,2022,Male,1,645,276,1
673,2022,Female,1,645,369,0
674,2021,Male,6,497,250,1
675,2021,Female,6,497,247,5
676,2020,Male,3,340,159,2
677,2020,Female,3,340,181,1
678,2022,Male,1,338,138,1
679,2022,Female,1,338,200,0
680,2021,Male,5,342,156,5
681,2021,Female,5,342,186,0
682,2020,Male,3,203,109,2
683,2020,Female,3,203,94,1
684,2022,Male,1,215,95,0
685,2022,Female,1,215,120,1
686,2021,Male,4,279,140,2
687,2021,Female,4,279,139,2
688,2020,Male,1,72,33,1
689,2020,Female,1,72,39,0
690,2022,Male,2,688,297,1
691,2022,Female,2,688,391,1
692,2021,Male,7,658,302,1
693,2021,Female,7,658,356,6
694,2020,Male,5,400,183,1
695,2020,Female,5,400,217,4
696,2022,Male,0,472,191,0
697,2022,Female,0,472,281,0
698,2021,Male,5,511,246,3
699,2021,Female,5,511,265,2
700,2020,Male,5,341,170,5
701,2020,Female,5,341,171,0
702,2022,Male,0,212,100,0
703,2022,Female,0,212,112,0
704,2021,Male,5,266,100,2
705,2021,Female,5,266,166,3
706,2020,Male,3,123,62,1
707,2020,Female,3,123,61,2
708,2022,Male,2,501,198,2
709,2022,Female,2,501,303,0
710,2021,Male,5,495,244,3
711,2021,Female,5,495,251,2
712,2020,Male,1,352,163,0
713,2020,Female,1,352,189,1
714,2022,Male,0,390,166,0
715,2022,Female,0,390,224,0
716,2021,Male,7,475,225,5
717,2021,Female,7,475,250,2
718,2020,Male,0,391,202,0
719,2020,Female,0,391,189,0
720,2022,Male,0,248,112,0
721,2022,Female,0,248,136,0
722,2021,Male,4,309,145,1
723,2021,Female,4,309,164,3
724,2020,Male,2,170,81,1
725,2020,Female,2,170,89,1
726,2022,Male,0,441,174,0
727,2022,Female,0,441,267,0
728,2021,Male,6,486,217,4
729,2021,Female,6,486,269,2
730,2020,Male,2,418,203,1
731,2020,Female,2,418,215,1
732,2022,Male,2,371,154,1
733,2022,Female,2,371,217,1
734,2021,Male,7,405,209,4
735,2021,Female,7,405,196,3
736,2020,Male,6,386,197,4
737,2020,Female,6,386,189,2
738,2022,Male,0,337,151,0
739,2022,Female,0,337,186,0
740,2021,Male,6,350,165,5
741,2021,Female,6,350,185,1
742,2020,Male,3,378,176,2
743,2020,Female,3,378,202,1
744,2022,Male,5,189,79,1
745,2022,Female,5,189,110,4
746,2021,Male,9,207,101,5
747,2021,Female,9,207,106,4
748,2020,Male,1,167,73,1
749,2020,Female,1,167,94,0
750,2022,Male,0,373,166,0
751,2022,Female,0,373,207,0
752,2021,Male,4,384,172,1
753,2021,Female,4,384,212,3
754,2020,Male,6,380,184,4
755,2020,Female,6,380,196,2
756,2022,Male,0,363,171,0
757,2022,Female,0,363,192,0
758,2021,Male,7,461,223,3
759,2021,Female,7,461,238,4
760,2020,Male,4,363,186,3
761,2020,Female,4,363,177,1
762,2022,Male,2,201,92,1
763,2022,Female,2,201,109,1
764,2021,Male,4,237,115,2
765,2021,Female,4,237,122,2
766,2020,Male,3,227,106,2
767,2020,Female,3,227,121,1
768,2022,Male,2,427,172,2
769,2022,Female,2,427,255,0
770,2021,Male,3,427,216,2
771,2021,Female,3,427,211,1
772,2020,Male,3,552,286,1
773,2020,Female,3,552,266,2
774,2022,Male,1,361,167,0
775,2022,Female,1,361,194,1
776,2021,Male,5,374,190,4
777,2021,Female,5,374,184,1
778,2020,Male,1,547,278,1
779,2020,Female,1,547,269,0
780,2022,Male,0,315,128,0
781,2022,Female,0,315,187,0
782,2021,Male,8,310,151,5
783,2021,Female,8,310,159,3
784,2020,Male,4,666,341,4
785,2020,Female,4,666,325,0
786,2022,Male,0,168,81,0
787,2022,Female,0,168,87,0
788,2021,Male,6,172,74,3
789,2021,Female,6,172,98,3
790,2020,Male,4,299,174,4
791,2020,Female,4,299,125,0
792,2022,Male,0,406,177,0
793,2022,Female,0,406,229,0
794,2021,Male,6,375,176,4
795,2021,Female,6,375,199,2
796,2020,Male,5,873,429,4
797,2020,Female,5,873,444,1
798,2022,Male,0,387,163,0
799,2022,Female,0,387,224,0
800,2021,Male,1,361,143,1
801,2021,Female,1,361,218,0
802,2020,Male,2,906,442,1
803,2020,Female,2,906,464,1
804,2022,Male,2,214,96,1
805,2022,Female,2,214,118,1
806,2021,Male,4,178,93,1
807,2021,Female,4,178,85,3
808,2020,Male,5,547,272,3
809,2020,Female,5,547,275,2
810,2022,Male,1,492,216,1
811,2022,Female,1,492,276,0
812,2021,Male,1,352,168,0
813,2021,Female,1,352,184,1
814,2020,Male,3,1164,568,2
815,2020,Female,3,1164,596,1
816,2022,Male,0,407,188,0
817,2022,Female,0,407,219,0
818,2021,Male,5,320,174,4
819,2021,Female,5,320,146,1
820,2020,Male,6,1180,568,2
821,2020,Female,6,1180,612,4
822,2022,Male,1,374,150,1
823,2022,Female,1,374,224,0
824,2021,Male,5,305,152,2
825,2021,Female,5,305,153,3
826,2020,Male,4,1011,468,1
827,2020,Female,4,1011,543,3
828,2022,Male,0,201,89,0
829,2022,Female,0,201,112,0
830,2021,Male,4,204,94,2
831,2021,Female,4,204,110,2
832,2021,Male,3,361,172,3
833,2021,Female,3,361,189,0
834,2021,Male,3,342,162,1
835,2021,Female,3,342,180,2
836,2021,Male,3,385,188,2
837,2021,Female,3,385,197,1
838,2021,Male,6,400,190,4
839,2021,Female,6,400,210,2
840,2021,Male,2,369,186,2
841,2021,Female,2,369,183,0
842,2021,Male,2,279,139,1
843,2021,Female,2,279,140,1
844,2021,Male,1,239,114,1
845,2021,Female,1,239,125,0
846,2021,Male,3,435,202,2
847,2021,Female,3,435,233,1
848,2021,Male,4,488,226,2
849,2021,Female,4,488,262,2
850,2021,Male,8,515,235,3
851,2021,Female,8,515,280,5
852,2021,Male,1,495,223,1
853,2021,Female,1,495,272,0
854,2021,Male,3,471,230,2
855,2021,Female,3,471,241,1
856,2021,Male,4,311,153,2
857,2021,Female,4,311,158,2
858,2021,Male,5,305,143,3
859,2021,Female,5,305,162,2
860,2021,Male,5,605,301,2
861,2021,Female,5,605,304,3
862,2021,Male,5,645,314,3
863,2021,Female,5,645,331,2
864,2021,Male,2,589,286,1
865,2021,Female,2,589,303,1
866,2021,Male,4,523,242,1
867,2021,Female,4,523,281,3
868,2021,Male,6,615,281,2
869,2021,Female,6,615,334,4
870,2021,Male,7,386,190,2
871,2021,Female,7,386,196,5
872,2021,Male,4,380,201,3
873,2021,Female,4,380,179,1
874,2021,Male,5,686,339,1
875,2021,Female,5,686,347,4
876,2021,Male,6,739,363,4
877,2021,Female,6,739,376,2
878,2021,Male,2,732,362,1
879,2021,Female,2,732,370,1
880,2021,Male,9,630,307,6
881,2021,Female,9,630,323,3
882,2021,Male,1,683,322,0
883,2021,Female,1,683,361,1
884,2021,Male,3,464,220,1
885,2021,Female,3,464,244,2
886,2021,Male,3,373,150,1
887,2021,Female,3,373,223,2
888,2021,Male,3,777,374,1
889,2021,Female,3,777,403,2
890,2021,Male,4,720,373,3
891,2021,Female,4,720,347,1
892,2021,Male,6,666,344,3
893,2021,Female,6,666,322,3
894,2021,Male,3,187,94,1
895,2021,Female,3,187,93,2
896,2021,Male,13,516,243,5
897,2021,Female,13,516,273,8
898,2021,Male,4,552,266,4
899,2021,Female,4,552,286,0
900,2021,Male,3,489,240,1
901,2021,Female,3,489,249,2
902,2021,Male,7,1459,723,2
903,2021,Female,7,1459,736,5
904,2021,Male,2,1168,591,2
905,2021,Female,2,1168,577,0
906,2021,Male,6,1208,554,4
907,2021,Female,6,1208,654,2
908,2021,Male,8,1055,484,4
909,2021,Female,8,1055,571,4
910,2021,Male,8,918,474,4
911,2021,Female,8,918,444,4
912,2021,Male,4,609,278,3
913,2021,Female,4,609,331,1
914,2021,Male,8,510,247,5
915,2021,Female,8,510,263,3
916,2021,Male,6,1207,550,4
917,2021,Female,6,1207,657,2
918,2021,Male,11,1152,552,8
919,2021,Female,11,1152,600,3
920,2021,Male,10,1284,631,8
921,2021,Female,10,1284,653,2
922,2021,Male,8,1298,646,2
923,2021,Female,8,1298,652,6
924,2021,Male,15,1209,590,4
925,2021,Female,15,1209,619,11
926,2021,Male,10,869,406,8
927,2021,Female,10,869,463,2
928,2021,Male,13,824,377,8
929,2021,Female,13,824,447,5
930,2021,Male,12,2166,1047,6
931,2021,Female,12,2166,1119,6
932,2021,Male,14,2800,1306,4
933,2021,Female,14,2800,1494,10
934,2021,Male,10,3582,1622,4
935,2021,Female,10,3582,1960,6
936,2021,Male,10,3979,1809,7
937,2021,Female,10,3979,2170,3
938,2021,Male,9,3639,1645,4
939,2021,Female,9,3639,1994,5
940,2021,Male,8,2732,1251,7
941,2021,Female,8,2732,1481,1
942,2021,Male,12,2575,1138,4
943,2021,Female,12,2575,1437,8
944,2021,Male,13,5791,2680,8
945,2021,Female,13,5791,3111,5
946,2021,Male,9,6903,3113,6
947,2021,Female,9,6903,3790,3
948,2021,Male,18,7480,3295,8
949,2021,Female,18,7480,4185,10
950,2021,Male,17,7118,3187,10
951,2021,Female,17,7118,3931,7
952,2021,Male,17,3916,1776,9
953,2021,Female,17,3916,2140,8
954,2021,Male,19,1450,688,10
955,2021,Female,19,1450,762,9
956,2021,Male,11,4442,2020,6
957,2021,Female,11,4442,2422,5
958,2021,Male,17,9209,4097,11
959,2021,Female,17,9209,5112,6
960,2021,Male,15,10401,4521,9
961,2021,Female,15,10401,5880,6
962,2021,Male,13,9339,4078,5
963,2021,Female,13,9339,5261,8
964,2021,Male,15,8159,3607,11
965,2021,Female,15,8159,4552,4
